1 0.463443 0.517930 0.025447 0.022068
1 0.637848 0.455037 0.017999 0.037515
1 0.465033 0.662838 0.011280 0.027345
1 0.524251 0.697475 0.012818 0.020053
1 0.554502 0.671953 0.019996 0.034637
1 0.572959 0.606326 0.010767 0.027345
1 0.554758 0.470969 0.019483 0.020964
1 0.615258 0.569410 0.019483 0.030079
1 0.618335 0.607693 0.012305 0.026433
1 0.610644 0.644153 0.018458 0.026433
1 0.648841 0.606326 0.011792 0.029168
1 0.653199 0.544800 0.014356 0.024610
1 0.623205 0.495579 0.011792 0.015495
1 0.655507 0.640507 0.016920 0.031902
1 0.555097 0.550547 0.012448 0.029117