1 0.435010 0.517930 0.045239 0.022068
1 0.745063 0.455037 0.031998 0.037515
1 0.437836 0.662838 0.020053 0.027345
1 0.543113 0.697475 0.022788 0.020053
1 0.596892 0.671953 0.035548 0.034637
1 0.629705 0.606326 0.019141 0.027345
1 0.597348 0.470969 0.034636 0.020964
1 0.704903 0.569410 0.034636 0.030079
1 0.710373 0.607693 0.021876 0.026433
1 0.696700 0.644153 0.032814 0.026433
1 0.764606 0.606326 0.020964 0.029168
1 0.772354 0.544800 0.025522 0.024610
1 0.719031 0.495579 0.020964 0.015495
1 0.776457 0.640507 0.030080 0.031902
1 0.597950 0.550547 0.022130 0.029117
1 0.742238 0.590919 0.022021 0.028619
